{
 "cells": [
  {
   "cell_type": "code",
   "execution_count": 2,
   "metadata": {},
   "outputs": [
    {
     "data": {
      "text/html": [
       "<div>\n",
       "<style scoped>\n",
       "    .dataframe tbody tr th:only-of-type {\n",
       "        vertical-align: middle;\n",
       "    }\n",
       "\n",
       "    .dataframe tbody tr th {\n",
       "        vertical-align: top;\n",
       "    }\n",
       "\n",
       "    .dataframe thead th {\n",
       "        text-align: right;\n",
       "    }\n",
       "</style>\n",
       "<table border=\"1\" class=\"dataframe\">\n",
       "  <thead>\n",
       "    <tr style=\"text-align: right;\">\n",
       "      <th></th>\n",
       "      <th>ACN</th>\n",
       "      <th>ADBE</th>\n",
       "      <th>AKAM</th>\n",
       "      <th>AMD</th>\n",
       "      <th>APH</th>\n",
       "      <th>ADI</th>\n",
       "      <th>ANSS</th>\n",
       "      <th>AAPL</th>\n",
       "      <th>AMAT</th>\n",
       "      <th>ANET</th>\n",
       "      <th>...</th>\n",
       "      <th>DXC</th>\n",
       "      <th>ENPH</th>\n",
       "      <th>EPAM</th>\n",
       "      <th>FFIV</th>\n",
       "      <th>FSLR</th>\n",
       "      <th>FTNT</th>\n",
       "      <th>IT</th>\n",
       "      <th>GEN</th>\n",
       "      <th>HPE</th>\n",
       "      <th>PAYC</th>\n",
       "    </tr>\n",
       "  </thead>\n",
       "  <tbody>\n",
       "    <tr>\n",
       "      <th>ACN</th>\n",
       "      <td>1.000000</td>\n",
       "      <td>0.928567</td>\n",
       "      <td>0.838881</td>\n",
       "      <td>0.967209</td>\n",
       "      <td>0.974553</td>\n",
       "      <td>0.970859</td>\n",
       "      <td>0.920419</td>\n",
       "      <td>0.969144</td>\n",
       "      <td>0.959241</td>\n",
       "      <td>0.902817</td>\n",
       "      <td>...</td>\n",
       "      <td>-0.242732</td>\n",
       "      <td>0.868435</td>\n",
       "      <td>0.943527</td>\n",
       "      <td>0.766741</td>\n",
       "      <td>0.666918</td>\n",
       "      <td>0.956519</td>\n",
       "      <td>0.912363</td>\n",
       "      <td>0.897939</td>\n",
       "      <td>0.596467</td>\n",
       "      <td>0.936505</td>\n",
       "    </tr>\n",
       "    <tr>\n",
       "      <th>ADBE</th>\n",
       "      <td>0.928567</td>\n",
       "      <td>1.000000</td>\n",
       "      <td>0.898495</td>\n",
       "      <td>0.937185</td>\n",
       "      <td>0.878547</td>\n",
       "      <td>0.901182</td>\n",
       "      <td>0.980232</td>\n",
       "      <td>0.879819</td>\n",
       "      <td>0.885416</td>\n",
       "      <td>0.761240</td>\n",
       "      <td>...</td>\n",
       "      <td>-0.225202</td>\n",
       "      <td>0.718333</td>\n",
       "      <td>0.939037</td>\n",
       "      <td>0.761105</td>\n",
       "      <td>0.514545</td>\n",
       "      <td>0.831331</td>\n",
       "      <td>0.740838</td>\n",
       "      <td>0.840685</td>\n",
       "      <td>0.447431</td>\n",
       "      <td>0.961595</td>\n",
       "    </tr>\n",
       "    <tr>\n",
       "      <th>AKAM</th>\n",
       "      <td>0.838881</td>\n",
       "      <td>0.898495</td>\n",
       "      <td>1.000000</td>\n",
       "      <td>0.863261</td>\n",
       "      <td>0.767431</td>\n",
       "      <td>0.803222</td>\n",
       "      <td>0.905302</td>\n",
       "      <td>0.825252</td>\n",
       "      <td>0.777681</td>\n",
       "      <td>0.650717</td>\n",
       "      <td>...</td>\n",
       "      <td>-0.417672</td>\n",
       "      <td>0.667036</td>\n",
       "      <td>0.831979</td>\n",
       "      <td>0.674568</td>\n",
       "      <td>0.422803</td>\n",
       "      <td>0.765380</td>\n",
       "      <td>0.623359</td>\n",
       "      <td>0.767109</td>\n",
       "      <td>0.393061</td>\n",
       "      <td>0.877074</td>\n",
       "    </tr>\n",
       "    <tr>\n",
       "      <th>AMD</th>\n",
       "      <td>0.967209</td>\n",
       "      <td>0.937185</td>\n",
       "      <td>0.863261</td>\n",
       "      <td>1.000000</td>\n",
       "      <td>0.927094</td>\n",
       "      <td>0.932447</td>\n",
       "      <td>0.937458</td>\n",
       "      <td>0.962696</td>\n",
       "      <td>0.932708</td>\n",
       "      <td>0.826288</td>\n",
       "      <td>...</td>\n",
       "      <td>-0.352727</td>\n",
       "      <td>0.842668</td>\n",
       "      <td>0.937914</td>\n",
       "      <td>0.736189</td>\n",
       "      <td>0.608515</td>\n",
       "      <td>0.927713</td>\n",
       "      <td>0.835947</td>\n",
       "      <td>0.896665</td>\n",
       "      <td>0.456429</td>\n",
       "      <td>0.935369</td>\n",
       "    </tr>\n",
       "    <tr>\n",
       "      <th>APH</th>\n",
       "      <td>0.974553</td>\n",
       "      <td>0.878547</td>\n",
       "      <td>0.767431</td>\n",
       "      <td>0.927094</td>\n",
       "      <td>1.000000</td>\n",
       "      <td>0.985328</td>\n",
       "      <td>0.883263</td>\n",
       "      <td>0.959547</td>\n",
       "      <td>0.947734</td>\n",
       "      <td>0.948218</td>\n",
       "      <td>...</td>\n",
       "      <td>-0.161121</td>\n",
       "      <td>0.893237</td>\n",
       "      <td>0.895920</td>\n",
       "      <td>0.743401</td>\n",
       "      <td>0.754167</td>\n",
       "      <td>0.938735</td>\n",
       "      <td>0.941464</td>\n",
       "      <td>0.878988</td>\n",
       "      <td>0.681119</td>\n",
       "      <td>0.908129</td>\n",
       "    </tr>\n",
       "    <tr>\n",
       "      <th>ADI</th>\n",
       "      <td>0.970859</td>\n",
       "      <td>0.901182</td>\n",
       "      <td>0.803222</td>\n",
       "      <td>0.932447</td>\n",
       "      <td>0.985328</td>\n",
       "      <td>1.000000</td>\n",
       "      <td>0.909554</td>\n",
       "      <td>0.955133</td>\n",
       "      <td>0.950412</td>\n",
       "      <td>0.926582</td>\n",
       "      <td>...</td>\n",
       "      <td>-0.212380</td>\n",
       "      <td>0.882754</td>\n",
       "      <td>0.904249</td>\n",
       "      <td>0.732296</td>\n",
       "      <td>0.734271</td>\n",
       "      <td>0.936258</td>\n",
       "      <td>0.916544</td>\n",
       "      <td>0.878657</td>\n",
       "      <td>0.646767</td>\n",
       "      <td>0.928919</td>\n",
       "    </tr>\n",
       "    <tr>\n",
       "      <th>ANSS</th>\n",
       "      <td>0.920419</td>\n",
       "      <td>0.980232</td>\n",
       "      <td>0.905302</td>\n",
       "      <td>0.937458</td>\n",
       "      <td>0.883263</td>\n",
       "      <td>0.909554</td>\n",
       "      <td>1.000000</td>\n",
       "      <td>0.889570</td>\n",
       "      <td>0.884580</td>\n",
       "      <td>0.763777</td>\n",
       "      <td>...</td>\n",
       "      <td>-0.281980</td>\n",
       "      <td>0.732657</td>\n",
       "      <td>0.914521</td>\n",
       "      <td>0.725705</td>\n",
       "      <td>0.555978</td>\n",
       "      <td>0.817122</td>\n",
       "      <td>0.722998</td>\n",
       "      <td>0.832339</td>\n",
       "      <td>0.440500</td>\n",
       "      <td>0.966259</td>\n",
       "    </tr>\n",
       "    <tr>\n",
       "      <th>AAPL</th>\n",
       "      <td>0.969144</td>\n",
       "      <td>0.879819</td>\n",
       "      <td>0.825252</td>\n",
       "      <td>0.962696</td>\n",
       "      <td>0.959547</td>\n",
       "      <td>0.955133</td>\n",
       "      <td>0.889570</td>\n",
       "      <td>1.000000</td>\n",
       "      <td>0.938092</td>\n",
       "      <td>0.883258</td>\n",
       "      <td>...</td>\n",
       "      <td>-0.352977</td>\n",
       "      <td>0.925408</td>\n",
       "      <td>0.905754</td>\n",
       "      <td>0.686392</td>\n",
       "      <td>0.721268</td>\n",
       "      <td>0.961717</td>\n",
       "      <td>0.897461</td>\n",
       "      <td>0.909844</td>\n",
       "      <td>0.512856</td>\n",
       "      <td>0.907761</td>\n",
       "    </tr>\n",
       "    <tr>\n",
       "      <th>AMAT</th>\n",
       "      <td>0.959241</td>\n",
       "      <td>0.885416</td>\n",
       "      <td>0.777681</td>\n",
       "      <td>0.932708</td>\n",
       "      <td>0.947734</td>\n",
       "      <td>0.950412</td>\n",
       "      <td>0.884580</td>\n",
       "      <td>0.938092</td>\n",
       "      <td>1.000000</td>\n",
       "      <td>0.870981</td>\n",
       "      <td>...</td>\n",
       "      <td>-0.186051</td>\n",
       "      <td>0.847587</td>\n",
       "      <td>0.924260</td>\n",
       "      <td>0.780462</td>\n",
       "      <td>0.662641</td>\n",
       "      <td>0.930923</td>\n",
       "      <td>0.893020</td>\n",
       "      <td>0.913034</td>\n",
       "      <td>0.637835</td>\n",
       "      <td>0.875835</td>\n",
       "    </tr>\n",
       "    <tr>\n",
       "      <th>ANET</th>\n",
       "      <td>0.902817</td>\n",
       "      <td>0.761240</td>\n",
       "      <td>0.650717</td>\n",
       "      <td>0.826288</td>\n",
       "      <td>0.948218</td>\n",
       "      <td>0.926582</td>\n",
       "      <td>0.763777</td>\n",
       "      <td>0.883258</td>\n",
       "      <td>0.870981</td>\n",
       "      <td>1.000000</td>\n",
       "      <td>...</td>\n",
       "      <td>-0.017157</td>\n",
       "      <td>0.833901</td>\n",
       "      <td>0.775135</td>\n",
       "      <td>0.714551</td>\n",
       "      <td>0.754974</td>\n",
       "      <td>0.898279</td>\n",
       "      <td>0.934292</td>\n",
       "      <td>0.785166</td>\n",
       "      <td>0.744794</td>\n",
       "      <td>0.783070</td>\n",
       "    </tr>\n",
       "    <tr>\n",
       "      <th>ADSK</th>\n",
       "      <td>0.905470</td>\n",
       "      <td>0.975150</td>\n",
       "      <td>0.863560</td>\n",
       "      <td>0.906596</td>\n",
       "      <td>0.883794</td>\n",
       "      <td>0.906757</td>\n",
       "      <td>0.977441</td>\n",
       "      <td>0.866912</td>\n",
       "      <td>0.876683</td>\n",
       "      <td>0.759668</td>\n",
       "      <td>...</td>\n",
       "      <td>-0.192618</td>\n",
       "      <td>0.731408</td>\n",
       "      <td>0.914355</td>\n",
       "      <td>0.747757</td>\n",
       "      <td>0.553891</td>\n",
       "      <td>0.794157</td>\n",
       "      <td>0.725766</td>\n",
       "      <td>0.828980</td>\n",
       "      <td>0.468504</td>\n",
       "      <td>0.964442</td>\n",
       "    </tr>\n",
       "    <tr>\n",
       "      <th>AVGO</th>\n",
       "      <td>0.963838</td>\n",
       "      <td>0.840787</td>\n",
       "      <td>0.745972</td>\n",
       "      <td>0.929004</td>\n",
       "      <td>0.979820</td>\n",
       "      <td>0.975773</td>\n",
       "      <td>0.853717</td>\n",
       "      <td>0.968484</td>\n",
       "      <td>0.947792</td>\n",
       "      <td>0.938361</td>\n",
       "      <td>...</td>\n",
       "      <td>-0.232843</td>\n",
       "      <td>0.903539</td>\n",
       "      <td>0.865680</td>\n",
       "      <td>0.697543</td>\n",
       "      <td>0.748586</td>\n",
       "      <td>0.956598</td>\n",
       "      <td>0.938401</td>\n",
       "      <td>0.890882</td>\n",
       "      <td>0.636473</td>\n",
       "      <td>0.872798</td>\n",
       "    </tr>\n",
       "    <tr>\n",
       "      <th>CDNS</th>\n",
       "      <td>0.963967</td>\n",
       "      <td>0.866618</td>\n",
       "      <td>0.781902</td>\n",
       "      <td>0.942806</td>\n",
       "      <td>0.971129</td>\n",
       "      <td>0.975750</td>\n",
       "      <td>0.879212</td>\n",
       "      <td>0.980460</td>\n",
       "      <td>0.929323</td>\n",
       "      <td>0.909105</td>\n",
       "      <td>...</td>\n",
       "      <td>-0.336623</td>\n",
       "      <td>0.937773</td>\n",
       "      <td>0.900998</td>\n",
       "      <td>0.658214</td>\n",
       "      <td>0.784808</td>\n",
       "      <td>0.958545</td>\n",
       "      <td>0.923155</td>\n",
       "      <td>0.878409</td>\n",
       "      <td>0.528937</td>\n",
       "      <td>0.913291</td>\n",
       "    </tr>\n",
       "    <tr>\n",
       "      <th>CDW</th>\n",
       "      <td>0.972671</td>\n",
       "      <td>0.896269</td>\n",
       "      <td>0.807381</td>\n",
       "      <td>0.924542</td>\n",
       "      <td>0.977924</td>\n",
       "      <td>0.985505</td>\n",
       "      <td>0.904137</td>\n",
       "      <td>0.949036</td>\n",
       "      <td>0.935020</td>\n",
       "      <td>0.913534</td>\n",
       "      <td>...</td>\n",
       "      <td>-0.251581</td>\n",
       "      <td>0.869410</td>\n",
       "      <td>0.904907</td>\n",
       "      <td>0.707518</td>\n",
       "      <td>0.719923</td>\n",
       "      <td>0.939074</td>\n",
       "      <td>0.922477</td>\n",
       "      <td>0.858739</td>\n",
       "      <td>0.645030</td>\n",
       "      <td>0.931341</td>\n",
       "    </tr>\n",
       "    <tr>\n",
       "      <th>CDAY</th>\n",
       "      <td>0.731053</td>\n",
       "      <td>0.926061</td>\n",
       "      <td>0.780584</td>\n",
       "      <td>0.803158</td>\n",
       "      <td>0.645337</td>\n",
       "      <td>0.693500</td>\n",
       "      <td>0.938748</td>\n",
       "      <td>0.671783</td>\n",
       "      <td>0.735662</td>\n",
       "      <td>0.307866</td>\n",
       "      <td>...</td>\n",
       "      <td>-0.553430</td>\n",
       "      <td>0.534783</td>\n",
       "      <td>0.867187</td>\n",
       "      <td>0.436743</td>\n",
       "      <td>0.395456</td>\n",
       "      <td>0.572641</td>\n",
       "      <td>0.436592</td>\n",
       "      <td>0.698929</td>\n",
       "      <td>-0.006331</td>\n",
       "      <td>0.932909</td>\n",
       "    </tr>\n",
       "    <tr>\n",
       "      <th>CSCO</th>\n",
       "      <td>0.887098</td>\n",
       "      <td>0.874783</td>\n",
       "      <td>0.775118</td>\n",
       "      <td>0.815254</td>\n",
       "      <td>0.881785</td>\n",
       "      <td>0.892763</td>\n",
       "      <td>0.859787</td>\n",
       "      <td>0.792822</td>\n",
       "      <td>0.825816</td>\n",
       "      <td>0.871302</td>\n",
       "      <td>...</td>\n",
       "      <td>0.000376</td>\n",
       "      <td>0.648607</td>\n",
       "      <td>0.809260</td>\n",
       "      <td>0.793400</td>\n",
       "      <td>0.534817</td>\n",
       "      <td>0.802276</td>\n",
       "      <td>0.800550</td>\n",
       "      <td>0.724575</td>\n",
       "      <td>0.734019</td>\n",
       "      <td>0.861657</td>\n",
       "    </tr>\n",
       "    <tr>\n",
       "      <th>CTSH</th>\n",
       "      <td>0.634152</td>\n",
       "      <td>0.619349</td>\n",
       "      <td>0.511265</td>\n",
       "      <td>0.602972</td>\n",
       "      <td>0.627039</td>\n",
       "      <td>0.586830</td>\n",
       "      <td>0.606416</td>\n",
       "      <td>0.579629</td>\n",
       "      <td>0.654863</td>\n",
       "      <td>0.631166</td>\n",
       "      <td>...</td>\n",
       "      <td>0.271305</td>\n",
       "      <td>0.407094</td>\n",
       "      <td>0.560731</td>\n",
       "      <td>0.765772</td>\n",
       "      <td>0.316490</td>\n",
       "      <td>0.546158</td>\n",
       "      <td>0.527592</td>\n",
       "      <td>0.537740</td>\n",
       "      <td>0.595822</td>\n",
       "      <td>0.541123</td>\n",
       "    </tr>\n",
       "    <tr>\n",
       "      <th>GLW</th>\n",
       "      <td>0.876974</td>\n",
       "      <td>0.853190</td>\n",
       "      <td>0.697330</td>\n",
       "      <td>0.825903</td>\n",
       "      <td>0.906584</td>\n",
       "      <td>0.898073</td>\n",
       "      <td>0.842741</td>\n",
       "      <td>0.834116</td>\n",
       "      <td>0.886699</td>\n",
       "      <td>0.840498</td>\n",
       "      <td>...</td>\n",
       "      <td>0.070570</td>\n",
       "      <td>0.716031</td>\n",
       "      <td>0.816198</td>\n",
       "      <td>0.803313</td>\n",
       "      <td>0.566165</td>\n",
       "      <td>0.786111</td>\n",
       "      <td>0.797509</td>\n",
       "      <td>0.809730</td>\n",
       "      <td>0.733355</td>\n",
       "      <td>0.832691</td>\n",
       "    </tr>\n",
       "    <tr>\n",
       "      <th>DXC</th>\n",
       "      <td>-0.242732</td>\n",
       "      <td>-0.225202</td>\n",
       "      <td>-0.417672</td>\n",
       "      <td>-0.352727</td>\n",
       "      <td>-0.161121</td>\n",
       "      <td>-0.212380</td>\n",
       "      <td>-0.281980</td>\n",
       "      <td>-0.352977</td>\n",
       "      <td>-0.186051</td>\n",
       "      <td>-0.017157</td>\n",
       "      <td>...</td>\n",
       "      <td>1.000000</td>\n",
       "      <td>-0.398546</td>\n",
       "      <td>-0.307575</td>\n",
       "      <td>0.147103</td>\n",
       "      <td>-0.268966</td>\n",
       "      <td>-0.319014</td>\n",
       "      <td>-0.154442</td>\n",
       "      <td>-0.224674</td>\n",
       "      <td>0.298212</td>\n",
       "      <td>-0.329156</td>\n",
       "    </tr>\n",
       "    <tr>\n",
       "      <th>ENPH</th>\n",
       "      <td>0.868435</td>\n",
       "      <td>0.718333</td>\n",
       "      <td>0.667036</td>\n",
       "      <td>0.842668</td>\n",
       "      <td>0.893237</td>\n",
       "      <td>0.882754</td>\n",
       "      <td>0.732657</td>\n",
       "      <td>0.925408</td>\n",
       "      <td>0.847587</td>\n",
       "      <td>0.833901</td>\n",
       "      <td>...</td>\n",
       "      <td>-0.398546</td>\n",
       "      <td>1.000000</td>\n",
       "      <td>0.818168</td>\n",
       "      <td>0.551772</td>\n",
       "      <td>0.828328</td>\n",
       "      <td>0.903625</td>\n",
       "      <td>0.893291</td>\n",
       "      <td>0.807725</td>\n",
       "      <td>0.457530</td>\n",
       "      <td>0.808030</td>\n",
       "    </tr>\n",
       "    <tr>\n",
       "      <th>EPAM</th>\n",
       "      <td>0.943527</td>\n",
       "      <td>0.939037</td>\n",
       "      <td>0.831979</td>\n",
       "      <td>0.937914</td>\n",
       "      <td>0.895920</td>\n",
       "      <td>0.904249</td>\n",
       "      <td>0.914521</td>\n",
       "      <td>0.905754</td>\n",
       "      <td>0.924260</td>\n",
       "      <td>0.775135</td>\n",
       "      <td>...</td>\n",
       "      <td>-0.307575</td>\n",
       "      <td>0.818168</td>\n",
       "      <td>1.000000</td>\n",
       "      <td>0.740509</td>\n",
       "      <td>0.623629</td>\n",
       "      <td>0.892039</td>\n",
       "      <td>0.833618</td>\n",
       "      <td>0.845687</td>\n",
       "      <td>0.457738</td>\n",
       "      <td>0.932519</td>\n",
       "    </tr>\n",
       "    <tr>\n",
       "      <th>FFIV</th>\n",
       "      <td>0.766741</td>\n",
       "      <td>0.761105</td>\n",
       "      <td>0.674568</td>\n",
       "      <td>0.736189</td>\n",
       "      <td>0.743401</td>\n",
       "      <td>0.732296</td>\n",
       "      <td>0.725705</td>\n",
       "      <td>0.686392</td>\n",
       "      <td>0.780462</td>\n",
       "      <td>0.714551</td>\n",
       "      <td>...</td>\n",
       "      <td>0.147103</td>\n",
       "      <td>0.551772</td>\n",
       "      <td>0.740509</td>\n",
       "      <td>1.000000</td>\n",
       "      <td>0.333560</td>\n",
       "      <td>0.700230</td>\n",
       "      <td>0.674817</td>\n",
       "      <td>0.635575</td>\n",
       "      <td>0.698474</td>\n",
       "      <td>0.698081</td>\n",
       "    </tr>\n",
       "    <tr>\n",
       "      <th>FSLR</th>\n",
       "      <td>0.666918</td>\n",
       "      <td>0.514545</td>\n",
       "      <td>0.422803</td>\n",
       "      <td>0.608515</td>\n",
       "      <td>0.754167</td>\n",
       "      <td>0.734271</td>\n",
       "      <td>0.555978</td>\n",
       "      <td>0.721268</td>\n",
       "      <td>0.662641</td>\n",
       "      <td>0.754974</td>\n",
       "      <td>...</td>\n",
       "      <td>-0.268966</td>\n",
       "      <td>0.828328</td>\n",
       "      <td>0.623629</td>\n",
       "      <td>0.333560</td>\n",
       "      <td>1.000000</td>\n",
       "      <td>0.706543</td>\n",
       "      <td>0.789560</td>\n",
       "      <td>0.536691</td>\n",
       "      <td>0.414511</td>\n",
       "      <td>0.617301</td>\n",
       "    </tr>\n",
       "    <tr>\n",
       "      <th>FTNT</th>\n",
       "      <td>0.956519</td>\n",
       "      <td>0.831331</td>\n",
       "      <td>0.765380</td>\n",
       "      <td>0.927713</td>\n",
       "      <td>0.938735</td>\n",
       "      <td>0.936258</td>\n",
       "      <td>0.817122</td>\n",
       "      <td>0.961717</td>\n",
       "      <td>0.930923</td>\n",
       "      <td>0.898279</td>\n",
       "      <td>...</td>\n",
       "      <td>-0.319014</td>\n",
       "      <td>0.903625</td>\n",
       "      <td>0.892039</td>\n",
       "      <td>0.700230</td>\n",
       "      <td>0.706543</td>\n",
       "      <td>1.000000</td>\n",
       "      <td>0.947897</td>\n",
       "      <td>0.872875</td>\n",
       "      <td>0.573375</td>\n",
       "      <td>0.856118</td>\n",
       "    </tr>\n",
       "    <tr>\n",
       "      <th>IT</th>\n",
       "      <td>0.912363</td>\n",
       "      <td>0.740838</td>\n",
       "      <td>0.623359</td>\n",
       "      <td>0.835947</td>\n",
       "      <td>0.941464</td>\n",
       "      <td>0.916544</td>\n",
       "      <td>0.722998</td>\n",
       "      <td>0.897461</td>\n",
       "      <td>0.893020</td>\n",
       "      <td>0.934292</td>\n",
       "      <td>...</td>\n",
       "      <td>-0.154442</td>\n",
       "      <td>0.893291</td>\n",
       "      <td>0.833618</td>\n",
       "      <td>0.674817</td>\n",
       "      <td>0.789560</td>\n",
       "      <td>0.947897</td>\n",
       "      <td>1.000000</td>\n",
       "      <td>0.802875</td>\n",
       "      <td>0.686127</td>\n",
       "      <td>0.786720</td>\n",
       "    </tr>\n",
       "    <tr>\n",
       "      <th>GEN</th>\n",
       "      <td>0.897939</td>\n",
       "      <td>0.840685</td>\n",
       "      <td>0.767109</td>\n",
       "      <td>0.896665</td>\n",
       "      <td>0.878988</td>\n",
       "      <td>0.878657</td>\n",
       "      <td>0.832339</td>\n",
       "      <td>0.909844</td>\n",
       "      <td>0.913034</td>\n",
       "      <td>0.785166</td>\n",
       "      <td>...</td>\n",
       "      <td>-0.224674</td>\n",
       "      <td>0.807725</td>\n",
       "      <td>0.845687</td>\n",
       "      <td>0.635575</td>\n",
       "      <td>0.536691</td>\n",
       "      <td>0.872875</td>\n",
       "      <td>0.802875</td>\n",
       "      <td>1.000000</td>\n",
       "      <td>0.483204</td>\n",
       "      <td>0.829016</td>\n",
       "    </tr>\n",
       "    <tr>\n",
       "      <th>HPE</th>\n",
       "      <td>0.596467</td>\n",
       "      <td>0.447431</td>\n",
       "      <td>0.393061</td>\n",
       "      <td>0.456429</td>\n",
       "      <td>0.681119</td>\n",
       "      <td>0.646767</td>\n",
       "      <td>0.440500</td>\n",
       "      <td>0.512856</td>\n",
       "      <td>0.637835</td>\n",
       "      <td>0.744794</td>\n",
       "      <td>...</td>\n",
       "      <td>0.298212</td>\n",
       "      <td>0.457530</td>\n",
       "      <td>0.457738</td>\n",
       "      <td>0.698474</td>\n",
       "      <td>0.414511</td>\n",
       "      <td>0.573375</td>\n",
       "      <td>0.686127</td>\n",
       "      <td>0.483204</td>\n",
       "      <td>1.000000</td>\n",
       "      <td>0.447812</td>\n",
       "    </tr>\n",
       "    <tr>\n",
       "      <th>PAYC</th>\n",
       "      <td>0.936505</td>\n",
       "      <td>0.961595</td>\n",
       "      <td>0.877074</td>\n",
       "      <td>0.935369</td>\n",
       "      <td>0.908129</td>\n",
       "      <td>0.928919</td>\n",
       "      <td>0.966259</td>\n",
       "      <td>0.907761</td>\n",
       "      <td>0.875835</td>\n",
       "      <td>0.783070</td>\n",
       "      <td>...</td>\n",
       "      <td>-0.329156</td>\n",
       "      <td>0.808030</td>\n",
       "      <td>0.932519</td>\n",
       "      <td>0.698081</td>\n",
       "      <td>0.617301</td>\n",
       "      <td>0.856118</td>\n",
       "      <td>0.786720</td>\n",
       "      <td>0.829016</td>\n",
       "      <td>0.447812</td>\n",
       "      <td>1.000000</td>\n",
       "    </tr>\n",
       "  </tbody>\n",
       "</table>\n",
       "<p>28 rows × 28 columns</p>\n",
       "</div>"
      ],
      "text/plain": [
       "           ACN      ADBE      AKAM       AMD       APH       ADI      ANSS  \\\n",
       "ACN   1.000000  0.928567  0.838881  0.967209  0.974553  0.970859  0.920419   \n",
       "ADBE  0.928567  1.000000  0.898495  0.937185  0.878547  0.901182  0.980232   \n",
       "AKAM  0.838881  0.898495  1.000000  0.863261  0.767431  0.803222  0.905302   \n",
       "AMD   0.967209  0.937185  0.863261  1.000000  0.927094  0.932447  0.937458   \n",
       "APH   0.974553  0.878547  0.767431  0.927094  1.000000  0.985328  0.883263   \n",
       "ADI   0.970859  0.901182  0.803222  0.932447  0.985328  1.000000  0.909554   \n",
       "ANSS  0.920419  0.980232  0.905302  0.937458  0.883263  0.909554  1.000000   \n",
       "AAPL  0.969144  0.879819  0.825252  0.962696  0.959547  0.955133  0.889570   \n",
       "AMAT  0.959241  0.885416  0.777681  0.932708  0.947734  0.950412  0.884580   \n",
       "ANET  0.902817  0.761240  0.650717  0.826288  0.948218  0.926582  0.763777   \n",
       "ADSK  0.905470  0.975150  0.863560  0.906596  0.883794  0.906757  0.977441   \n",
       "AVGO  0.963838  0.840787  0.745972  0.929004  0.979820  0.975773  0.853717   \n",
       "CDNS  0.963967  0.866618  0.781902  0.942806  0.971129  0.975750  0.879212   \n",
       "CDW   0.972671  0.896269  0.807381  0.924542  0.977924  0.985505  0.904137   \n",
       "CDAY  0.731053  0.926061  0.780584  0.803158  0.645337  0.693500  0.938748   \n",
       "CSCO  0.887098  0.874783  0.775118  0.815254  0.881785  0.892763  0.859787   \n",
       "CTSH  0.634152  0.619349  0.511265  0.602972  0.627039  0.586830  0.606416   \n",
       "GLW   0.876974  0.853190  0.697330  0.825903  0.906584  0.898073  0.842741   \n",
       "DXC  -0.242732 -0.225202 -0.417672 -0.352727 -0.161121 -0.212380 -0.281980   \n",
       "ENPH  0.868435  0.718333  0.667036  0.842668  0.893237  0.882754  0.732657   \n",
       "EPAM  0.943527  0.939037  0.831979  0.937914  0.895920  0.904249  0.914521   \n",
       "FFIV  0.766741  0.761105  0.674568  0.736189  0.743401  0.732296  0.725705   \n",
       "FSLR  0.666918  0.514545  0.422803  0.608515  0.754167  0.734271  0.555978   \n",
       "FTNT  0.956519  0.831331  0.765380  0.927713  0.938735  0.936258  0.817122   \n",
       "IT    0.912363  0.740838  0.623359  0.835947  0.941464  0.916544  0.722998   \n",
       "GEN   0.897939  0.840685  0.767109  0.896665  0.878988  0.878657  0.832339   \n",
       "HPE   0.596467  0.447431  0.393061  0.456429  0.681119  0.646767  0.440500   \n",
       "PAYC  0.936505  0.961595  0.877074  0.935369  0.908129  0.928919  0.966259   \n",
       "\n",
       "          AAPL      AMAT      ANET  ...       DXC      ENPH      EPAM  \\\n",
       "ACN   0.969144  0.959241  0.902817  ... -0.242732  0.868435  0.943527   \n",
       "ADBE  0.879819  0.885416  0.761240  ... -0.225202  0.718333  0.939037   \n",
       "AKAM  0.825252  0.777681  0.650717  ... -0.417672  0.667036  0.831979   \n",
       "AMD   0.962696  0.932708  0.826288  ... -0.352727  0.842668  0.937914   \n",
       "APH   0.959547  0.947734  0.948218  ... -0.161121  0.893237  0.895920   \n",
       "ADI   0.955133  0.950412  0.926582  ... -0.212380  0.882754  0.904249   \n",
       "ANSS  0.889570  0.884580  0.763777  ... -0.281980  0.732657  0.914521   \n",
       "AAPL  1.000000  0.938092  0.883258  ... -0.352977  0.925408  0.905754   \n",
       "AMAT  0.938092  1.000000  0.870981  ... -0.186051  0.847587  0.924260   \n",
       "ANET  0.883258  0.870981  1.000000  ... -0.017157  0.833901  0.775135   \n",
       "ADSK  0.866912  0.876683  0.759668  ... -0.192618  0.731408  0.914355   \n",
       "AVGO  0.968484  0.947792  0.938361  ... -0.232843  0.903539  0.865680   \n",
       "CDNS  0.980460  0.929323  0.909105  ... -0.336623  0.937773  0.900998   \n",
       "CDW   0.949036  0.935020  0.913534  ... -0.251581  0.869410  0.904907   \n",
       "CDAY  0.671783  0.735662  0.307866  ... -0.553430  0.534783  0.867187   \n",
       "CSCO  0.792822  0.825816  0.871302  ...  0.000376  0.648607  0.809260   \n",
       "CTSH  0.579629  0.654863  0.631166  ...  0.271305  0.407094  0.560731   \n",
       "GLW   0.834116  0.886699  0.840498  ...  0.070570  0.716031  0.816198   \n",
       "DXC  -0.352977 -0.186051 -0.017157  ...  1.000000 -0.398546 -0.307575   \n",
       "ENPH  0.925408  0.847587  0.833901  ... -0.398546  1.000000  0.818168   \n",
       "EPAM  0.905754  0.924260  0.775135  ... -0.307575  0.818168  1.000000   \n",
       "FFIV  0.686392  0.780462  0.714551  ...  0.147103  0.551772  0.740509   \n",
       "FSLR  0.721268  0.662641  0.754974  ... -0.268966  0.828328  0.623629   \n",
       "FTNT  0.961717  0.930923  0.898279  ... -0.319014  0.903625  0.892039   \n",
       "IT    0.897461  0.893020  0.934292  ... -0.154442  0.893291  0.833618   \n",
       "GEN   0.909844  0.913034  0.785166  ... -0.224674  0.807725  0.845687   \n",
       "HPE   0.512856  0.637835  0.744794  ...  0.298212  0.457530  0.457738   \n",
       "PAYC  0.907761  0.875835  0.783070  ... -0.329156  0.808030  0.932519   \n",
       "\n",
       "          FFIV      FSLR      FTNT        IT       GEN       HPE      PAYC  \n",
       "ACN   0.766741  0.666918  0.956519  0.912363  0.897939  0.596467  0.936505  \n",
       "ADBE  0.761105  0.514545  0.831331  0.740838  0.840685  0.447431  0.961595  \n",
       "AKAM  0.674568  0.422803  0.765380  0.623359  0.767109  0.393061  0.877074  \n",
       "AMD   0.736189  0.608515  0.927713  0.835947  0.896665  0.456429  0.935369  \n",
       "APH   0.743401  0.754167  0.938735  0.941464  0.878988  0.681119  0.908129  \n",
       "ADI   0.732296  0.734271  0.936258  0.916544  0.878657  0.646767  0.928919  \n",
       "ANSS  0.725705  0.555978  0.817122  0.722998  0.832339  0.440500  0.966259  \n",
       "AAPL  0.686392  0.721268  0.961717  0.897461  0.909844  0.512856  0.907761  \n",
       "AMAT  0.780462  0.662641  0.930923  0.893020  0.913034  0.637835  0.875835  \n",
       "ANET  0.714551  0.754974  0.898279  0.934292  0.785166  0.744794  0.783070  \n",
       "ADSK  0.747757  0.553891  0.794157  0.725766  0.828980  0.468504  0.964442  \n",
       "AVGO  0.697543  0.748586  0.956598  0.938401  0.890882  0.636473  0.872798  \n",
       "CDNS  0.658214  0.784808  0.958545  0.923155  0.878409  0.528937  0.913291  \n",
       "CDW   0.707518  0.719923  0.939074  0.922477  0.858739  0.645030  0.931341  \n",
       "CDAY  0.436743  0.395456  0.572641  0.436592  0.698929 -0.006331  0.932909  \n",
       "CSCO  0.793400  0.534817  0.802276  0.800550  0.724575  0.734019  0.861657  \n",
       "CTSH  0.765772  0.316490  0.546158  0.527592  0.537740  0.595822  0.541123  \n",
       "GLW   0.803313  0.566165  0.786111  0.797509  0.809730  0.733355  0.832691  \n",
       "DXC   0.147103 -0.268966 -0.319014 -0.154442 -0.224674  0.298212 -0.329156  \n",
       "ENPH  0.551772  0.828328  0.903625  0.893291  0.807725  0.457530  0.808030  \n",
       "EPAM  0.740509  0.623629  0.892039  0.833618  0.845687  0.457738  0.932519  \n",
       "FFIV  1.000000  0.333560  0.700230  0.674817  0.635575  0.698474  0.698081  \n",
       "FSLR  0.333560  1.000000  0.706543  0.789560  0.536691  0.414511  0.617301  \n",
       "FTNT  0.700230  0.706543  1.000000  0.947897  0.872875  0.573375  0.856118  \n",
       "IT    0.674817  0.789560  0.947897  1.000000  0.802875  0.686127  0.786720  \n",
       "GEN   0.635575  0.536691  0.872875  0.802875  1.000000  0.483204  0.829016  \n",
       "HPE   0.698474  0.414511  0.573375  0.686127  0.483204  1.000000  0.447812  \n",
       "PAYC  0.698081  0.617301  0.856118  0.786720  0.829016  0.447812  1.000000  \n",
       "\n",
       "[28 rows x 28 columns]"
      ]
     },
     "execution_count": 2,
     "metadata": {},
     "output_type": "execute_result"
    }
   ],
   "source": [
    "import pandas as pd\n",
    "import numpy as np\n",
    "\n",
    "# Load the selected stocks financials and sentiment data from the CSV file\n",
    "selected_stocks_df = pd.read_csv('selected_stocks_financials_sentiment.csv', index_col='symbol')\n",
    "\n",
    "# Extract the sentiment scores as a separate Series\n",
    "sentiment_scores = selected_stocks_df['sentiment_score']\n",
    "\n",
    "\n",
    "\n",
    "price_data = pd.read_csv('hist adjust close financials.csv', index_col='Date', parse_dates=True)\n",
    "\n",
    "# Extract the price data and sentiment data from the merged DataFrame\n",
    "#price_data = selected_stocks_df.filter(regex='price_*')\n",
    "sentiment_data = selected_stocks_df.filter(regex='sentiment_*')\n",
    "\n",
    "# Calculate the correlation matrix for the price data\n",
    "price_correlation_matrix = price_data.corr()\n",
    "price_correlation_matrix"
   ]
  },
  {
   "cell_type": "code",
   "execution_count": 3,
   "metadata": {},
   "outputs": [
    {
     "data": {
      "text/html": [
       "<div>\n",
       "<style scoped>\n",
       "    .dataframe tbody tr th:only-of-type {\n",
       "        vertical-align: middle;\n",
       "    }\n",
       "\n",
       "    .dataframe tbody tr th {\n",
       "        vertical-align: top;\n",
       "    }\n",
       "\n",
       "    .dataframe thead th {\n",
       "        text-align: right;\n",
       "    }\n",
       "</style>\n",
       "<table border=\"1\" class=\"dataframe\">\n",
       "  <thead>\n",
       "    <tr style=\"text-align: right;\">\n",
       "      <th></th>\n",
       "      <th>ACN</th>\n",
       "      <th>ADBE</th>\n",
       "      <th>AKAM</th>\n",
       "      <th>AMD</th>\n",
       "      <th>APH</th>\n",
       "      <th>ADI</th>\n",
       "      <th>ANSS</th>\n",
       "      <th>AAPL</th>\n",
       "      <th>AMAT</th>\n",
       "      <th>ANET</th>\n",
       "      <th>...</th>\n",
       "      <th>DXC</th>\n",
       "      <th>ENPH</th>\n",
       "      <th>EPAM</th>\n",
       "      <th>FFIV</th>\n",
       "      <th>FSLR</th>\n",
       "      <th>FTNT</th>\n",
       "      <th>IT</th>\n",
       "      <th>GEN</th>\n",
       "      <th>HPE</th>\n",
       "      <th>PAYC</th>\n",
       "    </tr>\n",
       "  </thead>\n",
       "  <tbody>\n",
       "    <tr>\n",
       "      <th>ACN</th>\n",
       "      <td>0.002114</td>\n",
       "      <td>0.003957</td>\n",
       "      <td>0.003364</td>\n",
       "      <td>0.005316</td>\n",
       "      <td>0.003906</td>\n",
       "      <td>0.004301</td>\n",
       "      <td>0.005317</td>\n",
       "      <td>0.004937</td>\n",
       "      <td>0.003295</td>\n",
       "      <td>0.005396</td>\n",
       "      <td>...</td>\n",
       "      <td>-7.624001e-05</td>\n",
       "      <td>0.004119</td>\n",
       "      <td>0.006561</td>\n",
       "      <td>0.004935</td>\n",
       "      <td>0.006080</td>\n",
       "      <td>0.005453</td>\n",
       "      <td>0.001615</td>\n",
       "      <td>0.003650</td>\n",
       "      <td>0.001961</td>\n",
       "      <td>-0.005661</td>\n",
       "    </tr>\n",
       "    <tr>\n",
       "      <th>ADBE</th>\n",
       "      <td>0.003957</td>\n",
       "      <td>0.008593</td>\n",
       "      <td>0.007265</td>\n",
       "      <td>0.010385</td>\n",
       "      <td>0.007099</td>\n",
       "      <td>0.008050</td>\n",
       "      <td>0.011416</td>\n",
       "      <td>0.009037</td>\n",
       "      <td>0.006132</td>\n",
       "      <td>0.009173</td>\n",
       "      <td>...</td>\n",
       "      <td>-1.426139e-04</td>\n",
       "      <td>0.006869</td>\n",
       "      <td>0.013165</td>\n",
       "      <td>0.009877</td>\n",
       "      <td>0.009458</td>\n",
       "      <td>0.009556</td>\n",
       "      <td>0.002644</td>\n",
       "      <td>0.006891</td>\n",
       "      <td>0.002966</td>\n",
       "      <td>-0.011720</td>\n",
       "    </tr>\n",
       "    <tr>\n",
       "      <th>AKAM</th>\n",
       "      <td>0.003364</td>\n",
       "      <td>0.007265</td>\n",
       "      <td>0.007609</td>\n",
       "      <td>0.009002</td>\n",
       "      <td>0.005835</td>\n",
       "      <td>0.006752</td>\n",
       "      <td>0.009922</td>\n",
       "      <td>0.007976</td>\n",
       "      <td>0.005069</td>\n",
       "      <td>0.007379</td>\n",
       "      <td>...</td>\n",
       "      <td>-2.489019e-04</td>\n",
       "      <td>0.006003</td>\n",
       "      <td>0.010976</td>\n",
       "      <td>0.008238</td>\n",
       "      <td>0.007313</td>\n",
       "      <td>0.008279</td>\n",
       "      <td>0.002094</td>\n",
       "      <td>0.005917</td>\n",
       "      <td>0.002452</td>\n",
       "      <td>-0.010059</td>\n",
       "    </tr>\n",
       "    <tr>\n",
       "      <th>AMD</th>\n",
       "      <td>0.005316</td>\n",
       "      <td>0.010385</td>\n",
       "      <td>0.009002</td>\n",
       "      <td>0.014290</td>\n",
       "      <td>0.009661</td>\n",
       "      <td>0.010741</td>\n",
       "      <td>0.014080</td>\n",
       "      <td>0.012752</td>\n",
       "      <td>0.008331</td>\n",
       "      <td>0.012841</td>\n",
       "      <td>...</td>\n",
       "      <td>-2.880608e-04</td>\n",
       "      <td>0.010392</td>\n",
       "      <td>0.016957</td>\n",
       "      <td>0.012321</td>\n",
       "      <td>0.014424</td>\n",
       "      <td>0.013752</td>\n",
       "      <td>0.003848</td>\n",
       "      <td>0.009478</td>\n",
       "      <td>0.003902</td>\n",
       "      <td>-0.014702</td>\n",
       "    </tr>\n",
       "    <tr>\n",
       "      <th>APH</th>\n",
       "      <td>0.003906</td>\n",
       "      <td>0.007099</td>\n",
       "      <td>0.005835</td>\n",
       "      <td>0.009661</td>\n",
       "      <td>0.007599</td>\n",
       "      <td>0.008277</td>\n",
       "      <td>0.009674</td>\n",
       "      <td>0.009268</td>\n",
       "      <td>0.006173</td>\n",
       "      <td>0.010745</td>\n",
       "      <td>...</td>\n",
       "      <td>-9.595146e-05</td>\n",
       "      <td>0.008033</td>\n",
       "      <td>0.011812</td>\n",
       "      <td>0.009072</td>\n",
       "      <td>0.013036</td>\n",
       "      <td>0.010148</td>\n",
       "      <td>0.003160</td>\n",
       "      <td>0.006775</td>\n",
       "      <td>0.004246</td>\n",
       "      <td>-0.010408</td>\n",
       "    </tr>\n",
       "    <tr>\n",
       "      <th>ADI</th>\n",
       "      <td>0.004301</td>\n",
       "      <td>0.008050</td>\n",
       "      <td>0.006752</td>\n",
       "      <td>0.010741</td>\n",
       "      <td>0.008277</td>\n",
       "      <td>0.009286</td>\n",
       "      <td>0.011012</td>\n",
       "      <td>0.010198</td>\n",
       "      <td>0.006843</td>\n",
       "      <td>0.011607</td>\n",
       "      <td>...</td>\n",
       "      <td>-1.398129e-04</td>\n",
       "      <td>0.008776</td>\n",
       "      <td>0.013178</td>\n",
       "      <td>0.009879</td>\n",
       "      <td>0.014030</td>\n",
       "      <td>0.011188</td>\n",
       "      <td>0.003401</td>\n",
       "      <td>0.007487</td>\n",
       "      <td>0.004457</td>\n",
       "      <td>-0.011769</td>\n",
       "    </tr>\n",
       "    <tr>\n",
       "      <th>ANSS</th>\n",
       "      <td>0.005317</td>\n",
